LOADING IMAGES
LOADING IMAGES
LOADING IMAGES
LOADING IMAGES
LOADING IMAGES
LOADING IMAGES
HOG
Accuracy: 0.998
              precision    recall  f1-score   support

           0      1.000     1.000     1.000        82
           1      0.988     1.000     0.994        82
           2      1.000     0.988     0.994        82
           3      1.000     1.000     1.000        82
           4      1.000     1.000     1.000        82
           5      1.000     1.000     1.000        82
           6      1.000     0.976     0.988        82
           7      1.000     1.000     1.000        82
           8      1.000     1.000     1.000        82
           9      1.000     1.000     1.000        82
          10      0.988     1.000     0.994        81
          11      0.988     1.000     0.994        82
          12      1.000     1.000     1.000        81
          13      1.000     0.988     0.994        81
          14      0.988     1.000     0.994        81
          15      1.000     1.000     1.000        82
          16      1.000     1.000     1.000        82
          17      1.000     1.000     1.000        82
          18      0.976     0.988     0.982        81
          19      1.000     1.000     1.000        82
          20      1.000     1.000     1.000        81
          21      1.000     1.000     1.000        81
          22      1.000     1.000     1.000        82
          23      1.000     1.000     1.000        82
          24      1.000     1.000     1.000        81
          25      1.000     1.000     1.000        81
          26      1.000     1.000     1.000        82
          27      1.000     1.000     1.000        82
          28      1.000     1.000     1.000        82
          29      0.988     1.000     0.994        81
          30      1.000     0.976     0.988        82
          31      1.000     1.000     1.000        81
          32      1.000     1.000     1.000        81
          33      1.000     1.000     1.000        81
          34      1.000     1.000     1.000        65

    accuracy                          0.998      2840
   macro avg      0.998     0.998     0.998      2840
weighted avg      0.998     0.998     0.998      2840
